20250423233502 
20250424233502 
20250426233502 
20250501233502 
20250505233502 
20250506233502 
20250507233502 
20250508233502 
20250513233502 
20250514233502 
20250515233502 
20250516233502 
20250517233502 
20250518233502 
20250522233501 
20250524233502 
20250525233502 
20250526233502 
20250527233502 
20250528233502 
20250529233502 
20250530233502 
20250601233502 
20250602233501 
20250603233501 
20250605024710 
20250605233502 
20250606233502 
20250607233502 
20250609233502 
20250610233501 
20250611233501 
20250612233502 
20250616233502 
20250617233502 
20250618233502 
20250619233502 
20250622233502 
20250623233502 
20250624233502 
20250625233502 
20250626233502 
20250630002222 
20250630233502 
20250701233502 
20250702233502 
20250704233502 
20250705233501 
20250706233501 
20250708233502 
20250709233502 
20250710233502 
20250711233502 
20250713233502 
20250714233502 
20250715233501 
20250716233502 
20250717233502 
20250718233502 
20250719233502 
20250720233503 
20250721233502 
20250722233501 
20250724233501 
20250726233502 
20250727233501 
20250728233501 
20250729233501 
20250730233502 
20250731233502 
20250803233502 
20250804233501 
20250805233501 
20250806233501 
20250807233502 
20250810233501 
